tracking_linear_velocity: 1.16414392490664
tracking_angular_velocity: 0.6863901855003449
orientation_regularization: -0.05469121239576356
linear_z_velocity: -0.10326157597986582
angular_xy_velocity: -0.05962922244068089
torque: -0.020216003906405107
action_rate: -0.08358996122421769
stand_still: 0.0
sum: 1.534