tracking_linear_velocity: 1.4307276216187137
tracking_angular_velocity: 0.6945909198167411
orientation_regularization: -0.009844992808519436
linear_z_velocity: -0.02759432928617674
angular_xy_velocity: -0.07878209706066826
torque: -0.018888739438229357
action_rate: -0.08159279591318976
stand_still: 0.0
sum: 1.9086155869286714
