tracking_linear_velocity: 0.8593441236039724
tracking_angular_velocity: 0.6541636983043763
orientation_regularization: -0.992463533580526
linear_z_velocity: -0.04129947278017351
angular_xy_velocity: -0.0727914553722295
torque: -0.014961979597550095
action_rate: -0.005232458046650995
stand_still: -0.057447373775000005
